$ANSIBLE_VAULT;1.1;AES256
66616430346330346235363562666230626539636139373535376637633537626535333438386663
6161386532626566353136643563393763366236376262380a663135386437326461383435383433
64656636356339313231636339633262323365653563326638323239613734633461663837333735
3039356232376363390a336564303030646661616362323232396238383739373234643538646336
33653565396135313264323934653363613530303438656263643664356537663738343838343562
37373561323134323462386531623830646437326334386461373337353531336539633464376438
31376231343864666235633837636263396336316137663134326134643363303430306537363364
63613139363939356232336461353332613835613733663034343362336335663262653839306433
63333438343364663333386536363965363061326334393337643834323834373632643337653836
36396437366130356663316536316237303761653266383339613364626539643464663136616137
33643462666366383463623562333035346235343766336663623466313862306330313962313839
34326639396165643532373437616631616666653533316661646363373532356131373135343531
39363533393461363664383633333562323835343638343663623334666666316435316636633630
33333062636338356462333239653563366437306635616437633434306130613837616562333834
33313131373734366462356361383961376536343166373630623863333036393064633034316139
31343735346362326436323436353565623166653766303633373331383732373036383037366665
34353236643161353535363631323032343735316339643635646165393538396139646337363230
39343438313830626362646361356439636464326639306330373339636235323335616633366530
63663239636337633966323437346631303538393030333763633865666365373261346166396439
65343534363238633931393233383835316236376234623862306263376231636461313339306332
34636261643536653337633864353934366333343130303531373139323133653066363930353639
35343863613337313834383533303366663233333062646430363632373061666566323938383232
38333561323962373866616231386436643736383834373564303065346330383137633064303738
62396532346262366466353933656161613539393863343138346131343162383431356335373838
66646666306131346564663432623665613930336265383064353130653366396464633365333636
36353939316336353361336531626135646235616234386239663562633064323333636163643136
66666364386632343165633432363336653766303539633362663037396339313037623231656431
61633962623932323761316534643530636665313733663533333962313637616239366635383830
63366639393765393237666261376533386263626664623333333133396366323135616138323134
62323731303933383438386433393839336166646262636463643633366636643764376661666237
30666438373930396639373562373239646434636364386239656563653963376531383932663663
34616331356131653835623336303632333534623533643865613137613666613237303239346533
63376163373361353831633633633564313634383061373063623765316434616433383336643466
36383066653265376534383230643064633934636266663431353834623132396430356531363861
64666139656434376265333439656231343663633237343863336339396264363037373230313331
39333134383336383538353864303065623265363366343037636236353734353765616664353134
36396538623637386536383538383234356237646231396639363562373965346536656265343030
37333864613633656432613462663131623065653464353930346163653536313439373235313366
32353963336338353031366631643036386663343065343238373831663666373537353632646635
30363464323230353865343631613464323138353932366565643932633533666130616436656130
33623132396135313265613131396633393934303661303765366631353530633239613166323938
66383539393333636430616162356636643565643231656464313138333566386634333864633832
37663833393538616461373061346237636432353138386234373063633132616432353332326138
37663262363336643230396233383866323139336637636134386236653736326431393936663063
66626263306238356233383561626637383166396462356433616466666339636264393430633436
30343538396330653162633839333938303235383162666163653865343764373833383830613635
61363336366263633665333639366334316363363463313233383634656430313934653363616664
32376237336639323366613063306134383834373262353731306164323166646439333737623361
32366166653566303465636637313630343337336635366166366263356533666262396336326635
64626365336437303836303735346633363062656662643634623737396563313333636135383133
65643734353337383134373861333461343133623933313336353032353763313961356562663239
62366239353763343933623438623164306132363965313731656135613834333432306235623062
34653730316631616166386464313363633463363336343162336363653838623033333239343135
39616539633863633632326230353561666338616531373463323339306366343166363762383131
646235653135353036613237336536643630
